3.589261
9.606007
2.888626
0.088610
3.052707
0.776047
8.906945
1.885314
5.308100
8.357809
0.496571
9.868258
9.682471
6.291436
9.463305
9.743964
5.543544
6.391458
7.319581
4.139515
8.793236
7.109361
9.882371
4.624490
9.527811
1.807132
4.860428
6.192532
2.689190
9.221348
0.613972
2.485874
5.425761
8.734673
9.767976
9.520975
1.215961
6.297566
7.196629
3.640962
4.028799
2.925360
7.847081
2.302149
5.000376
8.148381
9.013841
6.710813
7.333579
3.272844
0.713563
8.267309
7.400721
0.947202
2.762812
9.651787
0.652781
9.991279
0.310648
3.675004
2.554473
6.302685
5.487403
8.915628
2.893562
3.787434
3.624411
6.635383
4.213145
8.898392
3.390933
0.595638
2.064207
3.608970
1.561268
9.652898
3.062563
4.320380
5.100113
9.207905
3.156731
9.612306
2.652955
2.400191
5.463996
7.829227
7.743080
8.358633
8.655417
4.060199
9.150232
7.953448
6.345502
4.590107
3.299628
4.365049
1.510816
5.781748
7.248645
1.358674
8.802905
1.801467
3.824769
7.110561
1.462401
0.499852
6.712640
6.014425
8.592630
4.567552
4.325075
4.209630
8.826514
2.260213
5.765781
1.979726
0.972679
4.617920
9.173666
3.812726
9.890201
0.614184
5.159863
4.270586
9.529249
9.903345
3.749150
6.077718
8.673216
1.209573
8.474570
3.221545
3.353011
1.219135
1.134256
9.268999
1.999674
0.341360
4.384998
2.349043
2.643449
1.394210
4.065180
5.868109
0.424986
2.582413
8.636653
1.175442
6.437081
1.692135
7.436830
4.699434
2.782185
2.725460
5.040331
4.654595
8.815405
4.436942
5.015877
5.890124
4.064636
4.968278
2.570976
9.073817
5.843557
3.143056
1.331847
2.048395
0.311657
0.709441
2.526584
3.524712
3.124816
3.719820
8.635471
0.244022
3.037201
7.837231
6.535777
9.524215
0.008010
6.011317
8.228599
5.470451
8.849797
6.696132
1.187630
9.599112
5.690526
1.723200
7.358668
5.993515
8.983368
1.434345
8.881147
0.878747
7.533536
9.725873
5.099253
8.787897
4.867495
0.405825
7.629541
9.253869
3.798009
6.509988
9.288720
9.109022
0.319275
8.849578
5.612151
2.625272
5.408082
7.504057
0.950774
0.458418
3.146975
8.497766
3.160884
0.515435
8.599209
0.924361
5.576960
8.026862
0.021632
9.083121
9.872702
7.804880
6.237891
4.271210
7.320723
2.126180
2.837399
9.194816
6.422478
6.062037
3.208617
6.812744
7.936719
3.766007
2.480511
6.780977
0.015170
0.958228
5.013032
1.707437
1.407476
7.714420
5.672011
0.506746
0.782396
5.649564
9.138808
4.695826
8.735082
8.811165
5.204881
6.169017
0.367180
9.982686
7.238941
8.170852
5.311101
1.239449
5.201957
5.513468
3.709962
2.486684
1.359991
8.797174
5.267854
3.039530
8.230490
9.619872
0.750318
2.553576
0.972890
5.358279
6.942085
8.803089
5.993051
6.418397
7.367959
1.611750
7.798812
2.063488
0.467322
8.944627
5.229036
6.081583
3.453772
7.341182
8.335435
4.100231
4.805957
9.177547
3.856920
6.617773
2.862269
1.552997
7.281498
1.753086
0.727615
9.139189
4.120389
3.856949
4.631876
5.905412
0.207576
7.750581
2.065885
0.575968
7.327340
0.064722
5.676219
8.008581
9.076385
5.111899
6.821537
9.480934
6.002731
2.390773
9.920295
1.241213
3.169593
2.539454
9.923039
8.102231
6.245078
1.894654
4.487482
7.497253
5.784604
9.822385
8.191347
2.256405
2.324575
5.483433
3.721000
0.046477
8.430171
3.291435
9.511237
6.535426
5.664215
5.666001
7.419423
8.387653
6.910817
1.413062
4.706953
8.442888
5.467673
4.393039
7.968557
3.351038
2.501682
1.551682
7.967726
1.182756
9.864470
6.891603
9.234978
1.396753
1.471103
4.638139
1.514346
0.527092
4.684033
4.012235
1.344945
1.154331
9.714733
3.570531
9.365255
1.030640
1.578377
1.346190
4.289317
7.754879
6.722530
2.126797
8.165281
2.808819
5.109337
6.438250
9.932782
5.000488
4.553204
6.211579
6.384445
6.367232
6.136572
7.512794
9.731963
8.925534
2.085739
4.282833
9.918368
2.289745
2.083955
1.913870
7.714876
4.988432
6.936951
0.507896
0.039473
2.411808
7.999349
4.211161
7.957914
2.043134
8.881962
7.606253
1.831515
4.315760
9.303817
3.889934
2.018265
8.621147
7.161079
2.916486
9.718223
6.303559
6.003427
1.578820
9.745578
9.708833
3.436290
4.543524
4.030430
2.924011
2.822050
1.539776
7.647679
4.417494
1.059605
8.704260
7.074005
5.225914
3.631577
4.083605
0.747528
7.840432
7.720847
8.968877
5.991201
2.937187
3.696476
2.310807
2.782604
3.887747
6.277323
2.288110
9.632073
2.008352
9.964053
7.146438
9.119484
9.991970
8.722703
0.479215
3.205412
6.205934
1.769688
1.000042
0.058559
4.208944
3.921947
1.787559
6.941202
7.671516
0.008531
6.724004
7.770152
0.685752
5.532121
1.655813
3.314302
5.761649
0.231981
2.270579
1.066751
7.042869
0.289829
7.150516
5.923690
7.252602
1.215288
7.726495
9.285583
6.109982
6.965221
6.925187
8.887247
2.103698
9.708528
9.543235
7.773552
0.529905
2.939669
9.582243
1.587581
3.131081
7.120113
3.041039
9.931606
6.694889
7.576551
7.594899
8.494254
5.345294
5.812158
0.908056
4.337132
9.653879
5.616408
8.523752
5.968615
2.505190
8.600329
0.532829
7.524535
0.688068
0.215560
7.315344
2.669988
7.076301
6.728875
1.677025
1.738543
6.552740
4.387463
4.151525
3.255527
5.344359
4.693428
7.510765
0.063413
5.494502
5.947261
6.312669
8.583322
7.549633
9.800862
2.488395
4.149994
1.723987
3.981737
2.808853
3.523320
9.817918
5.727074
2.626945
2.278671
8.791724
5.079293
3.631457
4.657821
6.711415
9.513626
2.980278
9.431118
3.082818
6.697313
6.334391
4.996771
8.233506
2.571120
8.136604
5.622513
3.307196
7.746781
0.022594
4.396973
7.584099
2.817034
3.698386
4.739593
0.487087
0.582481
7.019222
4.693156
6.404273
3.239510
4.891639
2.201765
1.064888
4.429288
0.537430
7.070716
7.739336
6.774786
0.265167
2.026817
5.308178
0.915365
4.762785
5.655159
0.105180
9.812069
0.007718
3.163397
9.258126
8.595290
8.366794
1.239996
5.652921
3.826951
4.285085
7.908243
7.452658
4.062547
2.053679
9.505560
9.879772
9.010158
7.844336
0.389006
5.007753
1.753272
1.203375
4.048922
9.758472
1.682560
2.817693
6.357513
0.759339
1.221784
5.591220
3.727817
1.724203
4.201266
3.950486
1.342722
2.550304
6.057173
7.452397
0.217991
4.861020
7.619524
5.069099
9.583399
6.997895
2.258671
3.363179
5.463987
4.673101
3.234464
5.404211
2.496670
0.053765
0.618348
7.395856
8.906535
5.731578
8.512223
2.034849
9.618117
8.528263
6.212247
4.722334
5.878876
5.544667
8.281333
1.362253
1.689707
1.381872
5.814128
8.191229
7.968929
0.906592
2.112648
9.439921
2.785203
1.722287
3.018979
7.558133
8.478147
3.978032
1.090656
2.301342
9.463179
5.354629
0.630273
9.320545
7.303129
6.982203
1.978345
9.130504
9.714333
3.813600
0.712265
6.701132
0.102732
5.533536
6.603535
3.075756
3.683915
3.425687
5.241694
1.251501
2.446487
6.800485
1.736722
4.289138
8.282198
8.672504
9.254747
1.542931
8.405476
4.930147
2.236407
8.439260
5.888307
2.204038
1.700569
6.271587
3.061246
5.528006
3.045327
5.780958
6.102212
1.684457
8.958866
8.443857
0.324165
1.372427
4.349389
5.773245
8.130109
7.274839
6.578601
1.036505
2.957194
5.030515
3.783059
8.190313
1.602225
2.860345
3.828693
4.900961
7.877387
2.458963
9.154522
1.486891
0.343090
7.794941
1.848533
8.419612
5.022092
4.415134
9.780696
5.632447
0.614186
0.312446
4.028154
6.521536
4.980766
9.359976
2.930101
9.916679
4.879312
9.928539
6.801845
7.885149
8.488390
9.237660
2.611555
4.895793
2.730324
1.528478
6.602020
5.155998
3.499080
7.963156
6.290368
3.874151
1.767825
5.175860
1.920369
3.282186
0.571894
2.806698
6.345700
6.942827
2.745708
9.965390
4.598354
6.719593
3.303126
9.619412
1.940900
4.637760
8.975486
6.012814
8.046700
5.397894
2.031643
2.373893
8.437037
9.902127
6.951951
1.003487
6.468083
3.539746
1.835212
3.918114
4.591979
9.738033
1.378649
2.904663
2.853206
6.346151
8.507880
8.811219
3.965460
3.571104
4.523587
1.592968
8.003728
7.637803
5.038137
0.953117
0.357978
1.164699
2.065815
1.381461
0.364448
5.849864
0.094274
0.888122
7.090985
2.953195
0.693040
7.557290
6.234842
7.922712
6.469153
9.717276
4.859510
4.539925
6.100343
3.533271
0.146736
4.697180
1.754283
7.887185
0.394463
2.074833
5.684862
8.090715
5.705164
8.028044
6.905002
3.270167
2.420910
3.681032
7.222979
7.072856
7.542622
8.889508
4.352119
5.813499
5.488050
2.965033
2.760857
3.691284
4.051552
6.220064
8.330597
0.797461
4.741312
8.137237
6.600178
6.376352
5.087844
3.692240
0.426886
9.314341
9.498054
5.905317
9.187823
4.512539
9.064209
3.028946
1.816103
2.467507
4.318710
9.748378
1.365066
0.337695
9.911628
2.117259
2.554137
8.674308
7.391575
6.536598
5.120713
0.281951
2.505344
4.786473
4.260158
0.247491
3.829600
1.270521
0.245150
3.372720
2.086503
3.286313
3.173460
2.759104
0.157975
7.730084
4.537234
6.053836
5.804730
2.583642
1.655423
0.403521
1.013584
0.103317
8.505778
5.375883
1.259046
4.520439
4.080071
4.160620
1.784590
2.957095
1.969896
2.731901
3.058142
4.579792
1.158568
8.852568
8.028167
3.844025
6.565370
7.008670
6.241779
3.093732
3.878507
4.126620
6.635768
9.042494
3.696552
9.159956
3.696637
6.123560
7.381340
3.187334
8.364763
2.038565
5.628479
7.627976
9.417336
5.039080
0.711843
7.342270
6.163550
9.968281
8.254248
9.636446
6.490924
0.073387
7.523080
3.635817
0.068715
4.433926
1.132242
2.851720
3.573733
2.110326
7.184393
8.935678
7.993746
2.219173
5.971287
4.244071
9.518171
1.015272
0.129887
7.774226
0.246255
2.521346
3.889366
4.266615
3.953856
5.815953
7.689854
6.174665
0.998132
6.397136
7.352633
4.296188
0.778614
0.911404
7.153722
5.379545
